     1	AHRM	28.864	51.295	80
     2	ASAO	34.548	50.025	2217
     3	BJRD	37.700	57.408	1337
     4	BNDS	27.399	56.171	1500
     5	BSRN	31.965	59.126	1416
     6	CHBR	25.595	60.482	125
     7	CHTH	35.908	51.126	2250
     8	DAMV	35.630	51.971	2300
     9	GHIR	28.286	52.987	1200
    10	GHVR	34.480	51.245	927
    11	GIDE	36.91	49.90	1838
    12	GRMI	38.810	47.894	1300
    13	KHMZ	33.739	49.959	1985
    14	KRBR	29.982	56.761	2576
    15	MAKU	39.355	44.683	1730
    16	MRVT	37.659	56.089	870
    17	NASN	32.799	52.808	2800
    18	SHGR	32.108	48.801	150
    19	SHRO	36.009	56.013	1264
    20	SHRT	33.646	60.291	837
    21	SNGE	35.093	47.347	1940
    22	TABS	33.649	57.119	1106
    23	THKV	35.916	50.879	1795
    24	YZKH	32.455	54.677	2226
    25	ZHSF	29.611	60.775	1575
    26	ZNJK	36.670	48.685	2200
    27	ABH1	30.600	50.253	346
    28	AFJ	35.855	51.712	2750
    29	AFRZ	33.425	59.015	1497
    30	AHWZ	31.330	48.644	19
    33	AMIS	31.665	49.287	442
    34	ANAR	33.190	53.729	1323
    38	BDRS	33.954	48.881	2494
    39	BMDN	33.672	48.825	1698
    40	BNB	27.449	56.540	62
    41	BND	27.449	56.540	62
    44	BZA	34.470	47.861	2330
    46	CHMN	29.861	57.540	2564
    47	CSN1	37.564	49.095	18
    49	DHL1	32.681	47.281	204
    50	DHR	34.700	46.387	1840
    52	DOB	33.787	48.177	1948
    54	FIR	35.642	52.754	2380
    55	FTB	38.017	46.394	1665
    57	GENO	27.400	56.172	1616
    58	GHB	29.379	52.537	2812
    62	HAGD	34.822	49.139	1831
    63	HALM	34.860	48.168	2450
    64	HKZM	35.378	48.905	2328
    66	HSAM	34.212	48.602	2314
    67	HSB	35.438	51.276	1138
    69	HSRG	35.242	48.279	2545
    70	IL3	35.476	51.024	1109
    71	IL5	35.213	50.581	1353
    72	JHBN	32.231	50.666	2657
    73	JHRM	28.505	53.577	998
    74	JIR1	36.708	49.802	1567
    75	JRKH	35.908	60.349	1206
    76	JSK1	25.638	57.770	15
    77	KAZ1	29.625	51.640	850
    78	KAZ	29.782	51.840	2809
    79	KBAM	29.136	58.452	975
    80	KCHF	34.275	47.040	1715
    81	KER	34.387	47.133	1338
    82	KFM	33.524	47.847	1676
    83	KHGB	30.376	56.477	1800
    84	KHNJ	27.948	57.706	492
    85	KHSK	26.757	57.053	40
    88	KLNJ	31.008	51.592	2660
    89	KMR	33.518	48.380	1733
    90	KOM	34.176	47.514	1716
    93	KRSH	33.969	52.135	1630
    94	LAR1	27.669	54.375	785
    96	LHJ1	37.156	50.101	669
    97	LIN	34.919	46.963	2140
    98	LMD1	27.340	53.165	425
    99	MAHB	36.767	45.705	1370
   102	MHI	36.308	59.472	1150
   103	MNB1	27.106	57.100	29
   104	MND	37.237	55.389	200
   106	MOK	29.045	52.714	2785
   110	NGCH	25.359	61.136	46
   111	NGRK	29.644	56.730	2850
   112	NHDN	31.393	60.050	1307
   113	NIAN	27.560	56.835	248
   114	PAR	29.840	53.034	2580
   118	QABG	35.708	49.582	2085
   119	QALM	36.432	50.646	2212
   120	QAM	33.761	51.440	1865
   122	QBNZ	35.637	50.195	2093
   123	QCNT	36.290	50.009	1319
   124	QHU	37.071	58.537	1335
   127	QSDN	36.504	49.174	2148
   130	ROKH	32.399	51.072	2022
   131	RST1	37.232	49.630	12
   133	SBZV	36.388	57.611	2034
   134	SFB	34.352	52.241	995
   137	SHI	29.637	52.520	1600
   138	SHK1	32.328	50.885	2093
   139	SHM	35.806	53.284	2633
   140	SHR	35.806	51.289	1000
   141	SHV	37.533	57.697	1916
   143	SRO	36.308	59.472	1050
   144	SRV	29.381	53.104	2688
   145	SRVN	27.403	62.398	1352
   146	SZD1	29.486	60.866	1364
   147	TABZ	38.057	46.327	1487
   148	TAHR	38.490	47.051	1413
   149	TBB	34.995	51.727	1139
   150	TBJM	35.268	60.329	1741
   153	TEH	35.752	51.389	1458
   154	TEHA	35.746	51.387	1418
   155	TKDS	33.613	57.122	1206
   156	TNSJ	33.963	56.609	1123
   157	TPRV	33.028	56.686	1022
   158	TVBK	29.986	56.761	2530
   159	TVRZ	38.504	46.668	1693
   160	VIS	34.528	46.851	1833
   161	VRN	34.995	51.727	1139
   163	ZHDN	29.399	60.810	1511
   164	ZNGN	32.117	50.854	2662
   165	RAYN	23.522	45.503	631
   166	WBK	22.610	58.970	450
   167	HOQ	23.582	57.310	350
   168	UOSS	24.945	56.204	284
   169	EIL	29.669	34.951	210
   170	MMLI	32.438	35.422	511
   171	CSS	34.961	33.331	396
   172	GAZ	37.172	37.209	992
   173	BNN	38.852	35.847	1380
   174	ANTO	39.868	32.793	1090
   175	SNOP	42.019	35.206	180
   176	SIRT	37.501	42.439	1038
   177	GURO	38.550	42.032	1388
   178	KARS	40.615	43.093	1747
   179	KIV	43.955	42.686	1054
   180	ABKAR	49.255	59.943	362
   181	GEZN	39.283	67.715	1485
   182	SHAA	37.562	68.122	868
   183	KBU	34.515	69.134	1820
   184	GNI	40.148	44.741	1609
   186  DSBU    28.362  51.260  656
   187  GAS1    38.386  48.840  29
   189  JASK    25.867  57.866  234
   191  KGS1    34.505  45.588  362
   192  KLST    36.518  51.058  2691
   193  MZPU    36.439  51.568  2023
   194  SDS1    36.149  45.458  1591
   195  SNQR    34.857  47.628  2502
   196  TAFT    31.722  54.171  2036
   197  TAPT    34.884  57.159  1248
   199  ZRDN    30.967  56.535  2030
   200  ILBA    33.624  46.207  805    
   201  LHJ2    37.166  50.061  79
   202  NGD1    36.945  45.412  1320
   203  DHK1    30.292  42.866  16
   204  BSR2	30.292  47.619  16
   205 	NSR1    31.741  46.115  12
   206  NSR4	31.539  46.201  7
   207  KAR2 	32.539  44.024  44
   208  AMR2    31.989  47.190  9
   209  MIB     29.803 	47.338  125
